
 0.7904    1  1  2.5  1  0  0	
 2.0000    1  0  2.5  1  0  0	
 2.0000    1  0  1.5  1  0  0	
 2.0000    1  0  2  1  0  0	
 2.0000    1  1  2  1  0  0	
 2.0000    1  0  1.5  1  0  0	
 2.0000    1  1  2  1  0  0	
 2.0003    0  1  2.5  1  0  0	
 2.0000    0  0  1.5  1  0  0	
 2.0000    1  1  1.5  1  0  0	
 2.0000    0  0  2.5  1  0  0	
 2.0000    1  0  1.5  1  0  0	
 2.0000    1  0  1.5  1  0  0	
 2.0000    1  1  1.5  1  0  0	
 2.0000    0  1  2  1  0  0	
 2.0000    1  1  2  1  0  0	
 2.0000    1  0  1.5  1  0  0	
 2.0000    1  1  1.5  1  0  0	
 2.0000    1  1  1.5  1  0  0	
 2.0000    1  0  2  1  0  0	
 2.0000    1  0  1.5  1  0  0	
 2.0000    1  1  1.5  1  0  0	
 2.0000    1  1  1.5  1  0  0	
 2.0000    0  0  1.5  1  0  0	